month,lost to interest,lost to all fees,average loss per month,total lost,mortgage left
1/1,630.0,1180.0,1180.0,1180.0,238940.51
2/1,627.22,1177.22,1178.61,2357.22,237878.23
3/1,624.43,1174.43,1177.22,3531.65,236813.17
4/1,621.63,1171.63,1175.82,4703.28,235745.31
5/1,618.83,1168.83,1174.42,5872.12,234674.65
6/1,616.02,1166.02,1173.02,7038.14,233601.17
7/1,613.2,1163.2,1171.62,8201.34,232524.88
8/1,610.38,1160.38,1170.21,9361.72,231445.77
9/1,607.55,1157.55,1168.81,10519.26,230363.82
10/1,604.71,1154.71,1167.4,11673.97,229279.03
11/1,601.86,1151.86,1165.98,12825.82,228191.4
12/1,599.0,1149.0,1164.57,13974.83,227100.9
1/2,596.14,1146.14,1163.15,15120.97,226007.55
2/2,593.27,1143.27,1161.73,16264.24,224911.33
3/2,590.39,1140.39,1160.31,17404.63,223812.23
4/2,587.51,1137.51,1158.88,18542.14,222710.24
5/2,584.61,1134.61,1157.46,19676.75,221605.36
6/2,581.71,1131.71,1156.03,20808.46,220497.58
7/2,578.81,1128.81,1154.59,21937.27,219386.89
8/2,575.89,1125.89,1153.16,23063.16,218273.29
9/2,572.97,1122.97,1151.72,24186.13,217156.76
10/2,570.04,1120.04,1150.28,25306.17,216037.31
11/2,567.1,1117.1,1148.84,26423.26,214914.91
12/2,564.15,1114.15,1147.39,27537.41,213789.57
1/3,561.2,1111.2,1145.94,28648.61,212661.27
2/3,558.24,1108.24,1144.49,29756.85,211530.02
3/3,555.27,1105.27,1143.04,30862.11,210395.79
4/3,552.29,1102.29,1141.59,31964.4,209258.58
5/3,549.3,1099.3,1140.13,33063.71,208118.39
6/3,546.31,1096.31,1138.67,34160.02,206975.21
7/3,543.31,1093.31,1137.2,35253.33,205829.03
8/3,540.3,1090.3,1135.74,36343.63,204679.84
9/3,537.28,1087.28,1134.27,37430.91,203527.63
10/3,534.26,1084.26,1132.8,38515.17,202372.39
11/3,531.23,1081.23,1131.33,39596.4,201214.13
12/3,528.19,1078.19,1129.85,40674.59,200052.82
1/4,525.14,1075.14,1128.37,41749.73,198888.47
2/4,522.08,1072.08,1126.89,42821.81,197721.06
3/4,519.02,1069.02,1125.41,43890.83,196550.58
4/4,515.95,1065.95,1123.92,44956.77,195377.03
5/4,512.86,1062.86,1122.43,46019.64,194200.4
6/4,509.78,1059.78,1120.94,47079.41,193020.68
7/4,506.68,1056.68,1119.44,48136.09,191837.87
8/4,503.57,1053.57,1117.95,49189.67,190651.95
9/4,500.46,1050.46,1116.45,50240.13,189462.92
10/4,497.34,1047.34,1114.94,51287.47,188270.77
11/4,494.21,1044.21,1113.44,52331.68,187075.48
12/4,491.07,1041.07,1111.93,53372.75,185877.06
1/5,487.93,1037.93,1110.42,54410.68,184675.5
2/5,484.77,1034.77,1108.91,55445.45,183470.78
3/5,481.61,1031.61,1107.39,56477.06,182262.89
4/5,478.44,1028.44,1105.88,57505.5,181051.84
5/5,475.26,1025.26,1104.35,58530.76,179837.61
6/5,472.07,1022.07,1102.83,59552.84,178620.19
7/5,468.88,1018.88,1101.3,60571.72,177399.57
8/5,465.67,1015.67,1099.77,61587.39,176175.75
9/5,462.46,1012.46,1098.24,62599.85,174948.72
10/5,459.24,1009.24,1096.71,63609.09,173718.47
11/5,456.01,1006.01,1095.17,64615.1,172484.98
12/5,452.77,1002.77,1093.63,65617.88,171248.26
1/6,449.53,999.53,1092.09,66617.4,170008.3
2/6,446.27,996.27,1090.54,67613.67,168765.08
3/6,443.01,993.01,1088.99,68606.68,167518.59
4/6,439.74,989.74,1087.44,69596.42,166268.83
5/6,436.46,986.46,1085.89,70582.87,165015.8
6/6,433.17,983.17,1084.33,71566.04,163759.47
7/6,429.87,979.87,1082.77,72545.91,162499.84
8/6,426.56,976.56,1081.21,73522.47,161236.91
9/6,423.25,973.25,1079.65,74495.72,159970.67
10/6,419.92,969.92,1078.08,75465.64,158701.09
11/6,416.59,966.59,1076.51,76432.23,157428.19
12/6,413.25,963.25,1074.94,77395.48,156151.95
1/7,409.9,959.9,1073.36,78355.38,154872.35
2/7,406.54,956.54,1071.78,79311.92,153589.4
3/7,403.17,953.17,1070.2,80265.09,152303.08
4/7,399.8,949.8,1068.62,81214.89,151013.38
5/7,396.41,946.41,1067.03,82161.3,149720.3
6/7,393.02,943.02,1065.44,83104.31,148423.82
7/7,389.61,939.61,1063.85,84043.93,147123.94
8/7,386.2,936.2,1062.25,84980.13,145820.64
9/7,382.78,932.78,1060.65,85912.91,144513.93
10/7,379.35,929.35,1059.05,86842.25,143203.79
11/7,375.91,925.91,1057.45,87768.16,141890.2
12/7,372.46,922.46,1055.84,88690.63,140573.17
1/8,369.0,919.0,1054.23,89609.63,139252.68
2/8,365.54,915.54,1052.62,90525.17,137928.73
3/8,362.06,912.06,1051.0,91437.23,136601.3
4/8,358.58,908.58,1049.38,92345.81,135270.38
5/8,355.08,905.08,1047.76,93250.9,133935.97
6/8,351.58,901.58,1046.14,94152.48,132598.06
7/8,348.07,898.07,1044.51,95050.55,131256.64
8/8,344.55,894.55,1042.88,95945.1,129911.69
9/8,341.02,891.02,1041.25,96836.11,128563.22
10/8,337.48,887.48,1039.61,97723.59,127211.2
11/8,333.93,883.93,1037.97,98607.52,125855.64
12/8,330.37,880.37,1036.33,99487.89,124496.51
1/9,326.8,876.8,1034.69,100364.7,123133.82
2/9,323.23,873.23,1033.04,101237.92,121767.56
3/9,319.64,869.64,1031.39,102107.56,120397.7
4/9,316.04,866.04,1029.74,102973.61,119024.25
5/9,312.44,862.44,1028.08,103836.05,117647.2
6/9,308.82,858.82,1026.42,104694.87,116266.53
7/9,305.2,855.2,1024.76,105550.07,114882.24
8/9,301.57,851.57,1023.09,106401.63,113494.31
9/9,297.92,847.92,1021.42,107249.56,112102.74
10/9,294.27,844.27,1019.75,108093.83,110707.51
11/9,290.61,840.61,1018.08,108934.43,109308.63
12/9,286.94,836.94,1016.4,109771.37,107906.07
1/10,283.25,833.25,1014.72,110604.62,106499.83
2/10,279.56,829.56,1013.04,111434.18,105089.9
3/10,275.86,825.86,1011.35,112260.05,103676.26
4/10,272.15,822.15,1009.66,113082.2,102258.92
5/10,268.43,818.43,1007.97,113900.63,100837.86
6/10,264.7,814.7,1006.27,114715.32,99413.06
7/10,260.96,810.96,1004.58,115526.28,97984.53
8/10,257.21,807.21,1002.87,116333.49,96552.24
9/10,253.45,803.45,1001.17,117136.94,95116.2
10/10,249.68,799.68,999.46,117936.62,93676.39
11/10,245.9,795.9,997.75,118732.52,92232.79
12/10,242.11,792.11,996.04,119524.63,90785.41
1/11,238.31,788.31,994.32,120312.95,89334.23
2/11,234.5,784.5,992.6,121097.45,87879.24
3/11,230.68,780.68,990.88,121878.13,86420.43
4/11,226.85,776.85,989.15,122654.99,84957.79
5/11,223.01,773.01,987.42,123428.0,83491.31
6/11,219.16,769.16,985.69,124197.16,82020.98
7/11,215.31,765.31,983.96,124962.47,80546.79
8/11,211.44,761.44,982.22,125723.9,79068.73
9/11,207.56,757.56,980.48,126481.46,77586.79
10/11,203.67,753.67,978.73,127235.13,76100.97
11/11,199.77,749.77,976.98,127984.89,74611.24
12/11,195.85,745.85,975.23,128730.75,73117.6
1/12,191.93,741.93,973.48,129472.68,71620.04
2/12,188.0,738.0,971.72,130210.68,70118.55
3/12,184.06,734.06,969.96,130944.74,68613.12
4/12,180.11,730.11,968.2,131674.85,67103.73
5/12,176.15,726.15,966.43,132401.0,65590.39
6/12,172.17,722.17,964.66,133123.17,64073.07
7/12,168.19,718.19,962.89,133841.37,62551.77
8/12,164.2,714.2,961.11,134555.56,61026.47
9/12,160.19,710.19,959.33,135265.76,59497.17
10/12,156.18,706.18,957.55,135971.94,57963.86
11/12,152.16,702.16,955.76,136674.09,56426.52
12/12,148.12,698.12,953.97,137372.21,54885.15
1/13,144.07,694.07,952.18,138066.29,53339.73
2/13,140.02,690.02,950.39,138756.3,51790.25
3/13,135.95,685.95,948.59,139442.25,50236.7
4/13,131.87,681.87,946.78,140124.12,48679.08
5/13,127.78,677.78,944.98,140801.91,47117.37
6/13,123.68,673.68,943.17,141475.59,45551.56
7/13,119.57,669.57,941.36,142145.16,43981.64
8/13,115.45,665.45,939.54,142810.61,42407.6
9/13,111.32,661.32,937.73,143471.93,40829.42
10/13,107.18,657.18,935.9,144129.11,39247.11
11/13,103.02,653.02,934.08,144782.14,37660.64
12/13,98.86,648.86,932.25,145430.99,36070.0
1/14,94.68,644.68,930.42,146075.68,34475.19
2/14,90.5,640.5,928.58,146716.18,32876.2
3/14,86.3,636.3,926.75,147352.48,31273.0
4/14,82.09,632.09,924.9,147984.57,29665.6
5/14,77.87,627.87,923.06,148612.44,28053.98
6/14,73.64,623.64,921.21,149236.08,26438.13
7/14,69.4,619.4,919.36,149855.48,24818.04
8/14,65.15,615.15,917.5,150470.63,23193.69
9/14,60.88,610.88,915.65,151081.51,21565.08
10/14,56.61,606.61,913.78,151688.12,19932.19
11/14,52.32,602.32,911.92,152290.44,18295.02
12/14,48.02,598.02,910.05,152888.47,16653.55
1/15,43.72,593.72,908.18,153482.18,15007.78
2/15,39.4,589.4,906.3,154071.58,13357.68
3/15,35.06,585.06,904.42,154656.64,11703.25
4/15,30.72,580.72,902.54,155237.36,10044.48
5/15,26.37,576.37,900.66,155813.73,8381.35
6/15,22.0,572.0,898.77,156385.73,6713.86
7/15,17.62,567.62,896.88,156953.35,5041.99
8/15,13.24,563.24,894.98,157516.59,3365.73
9/15,8.84,558.84,893.08,158075.43,1685.07
10/15,4.42,554.42,891.18,158629.85,0.0
